Emission du CO2 en kt
3641.331
3777.01
3080.28
3960.36
4422.402
4261.054
5467.497
5416.159
5628.845
5826.863
7293.663
8203.079
8049.065
9649.065
9640.543
11136.679
11111.01
11547.383
12702.488
13076.522
15958.784
15944.116
15856.108
17058.884
17795.951
17814.286
17865.624
18881.383
20117.162
21176.925
22918.75
21730
23450
25980
28130
29200
28890
30330
31050
32600
33290
36920
38270
38210
42170
44490
46190
47730
50180
50540
53660
57790
60150
59720
61160
63150
63080
65930
66680